"name", "age"
"Maria", 30
"Fred",  12
"Gustavo", 60
